uzemi_kod,without_education,undetermined,incomplete_primary_education,lower_secondary_and_secondary_education,further_education,post_maturita_studies,bachelors_degree,doctoral_degree,masters_degree,higher_vocational_education,higher_vocational_education_in_a_conservatory,primary_education,complete_secondary_vocational_education,complete_secondary_general_education,okres
500011,0.570703868103995,3.741280913126189,1.14140773620799,34.242232086239696,1.7755231452124285,0.507292327203551,2.8535193405199744,0.6341154090044389,12.93595434369055,1.3950538998097652,0.12682308180088775,11.350665821179454,17.94546607482562,10.779961953075459,Zlín
500020,0.8858267716535433,3.346456692913386,1.968503937007874,40.15748031496063,2.066929133858268,0.8858267716535433,1.7716535433070866,0.4921259842519685,6.299212598425196,1.574803149606299,0.0,15.059055118110237,16.338582677165352,9.153543307086615,Šumperk
500046,0.35919540229885055,3.2327586206896552,0.7902298850574714,39.15229885057471,2.514367816091954,0.7902298850574714,3.5201149425287355,0.21551724137931033,10.632183908045976,1.3649425287356323,0.14367816091954022,9.770114942528735,15.301724137931034,12.21264367816092,Nový Jičín
500062,0.23823704586063135,3.57355568790947,1.0720667063728408,32.75759380583681,2.084574151280524,1.1316259678379987,3.0375223347230493,0.1786777843954735,13.281715306730197,0.714711137581894,0.11911852293031568,11.316259678379987,18.70160810005956,11.79273377010125,Vsetín
500071,0.41293874741913283,2.89057123193393,1.2388162422573985,34.06744666207846,1.7205781142463867,0.7570543702684102,3.0282174810736406,0.13764624913971094,11.080523055746731,0.8947006194081212,0.0,9.772883688919478,20.027529249827943,13.97109428768066,Vsetín
500101,2.3391812865497075,7.602339181286549,2.3391812865497075,38.01169590643275,0.5847953216374269,0.0,1.7543859649122806,0.0,1.1695906432748537,0.5847953216374269,0.0,30.409356725146196,9.941520467836257,5.263157894736842,Karlovy Vary
500127,1.694915254237288,9.322033898305085,0.847457627118644,42.3728813559322,0.847457627118644,0.0,1.694915254237288,0.0,6.779661016949152,0.847457627118644,0.0,14.40677966101695,16.101694915254235,5.084745762711865,Karlovy Vary
500135,1.015228426395939,4.060913705583756,0.0,46.192893401015226,2.030456852791878,0.0,2.030456852791878,0.5076142131979695,5.583756345177665,0.0,0.5076142131979695,19.796954314720814,10.152284263959391,8.121827411167512,Olomouc
500151,2.197802197802198,2.197802197802198,0.0,38.46153846153847,1.098901098901099,0.0,4.395604395604396,0.0,5.4945054945054945,0.0,0.0,17.582417582417584,23.076923076923077,5.4945054945054945,Přerov
500160,0.8928571428571428,8.258928571428571,2.0089285714285716,39.0625,1.1160714285714286,0.4464285714285714,3.3482142857142856,0.0,4.910714285714286,0.2232142857142857,0.0,15.625,13.169642857142858,10.9375,Olomouc
500194,1.910828025477707,14.64968152866242,0.6369426751592357,36.30573248407643,0.6369426751592357,0.6369426751592357,0.6369426751592357,0.0,3.1847133757961785,1.2738853503184715,0.0,27.388535031847134,7.643312101910828,5.095541401273886,Český Krumlov
500259,0.7490636704119851,3.245942571785269,0.6242197253433208,38.07740324594257,1.9350811485642945,0.686641697877653,3.1835205992509366,0.3121098626716604,10.611735330836455,1.373283395755306,0.062421972534332085,10.736579275905118,16.41697877652934,11.985018726591761,Nový Jičín
500291,0.34587116299178555,2.9831387808041505,1.6428880242109816,26.07003891050584,1.556420233463035,0.8214440121054908,3.631647211413749,1.9887591872027668,21.78988326848249,0.8646779074794639,0.12970168612191957,9.900562040639862,15.56420233463035,12.710765239948119,Ostrava-město
500496,0.4365932294465341,4.669308615439728,1.009761776822497,23.092423428264375,1.7945101200071645,0.9313988894859395,4.973804406233208,2.3867096543077198,19.576168726491133,1.446355006269031,0.22277449399964178,9.109125917965253,16.12596274404442,14.225102991223357,Olomouc
500526,0.3264417845484222,4.2981501632208925,0.9793253536452665,36.6702937976061,2.2306855277475517,0.3264417845484222,3.427638737758433,1.0337323177366704,9.956474428726878,0.7072905331882481,0.0,11.534276387377584,15.451577801958653,13.057671381936888,Olomouc
500623,0.5364806866952789,3.862660944206009,1.2875536480686696,40.45064377682404,1.3948497854077253,0.6437768240343348,2.896995708154506,0.2145922746781116,7.188841201716738,1.2875536480686696,0.4291845493562232,12.98283261802575,15.879828326180256,10.944206008583691,Olomouc
500801,0.0,6.0037523452157595,0.9380863039399625,38.83677298311445,1.3133208255159476,0.5628517823639775,3.75234521575985,1.5009380863039399,7.317073170731707,1.5009380863039399,0.18761726078799248,10.318949343339586,16.135084427767353,11.632270168855536,Olomouc
500852,0.5931784478497282,3.5096391497775583,0.6920415224913495,31.43845773603559,1.9772614928324272,0.2471576866040534,3.3119130004943154,0.4943153732081068,13.84083044982699,1.5818091942659416,0.09886307464162135,11.468116658428078,17.44933267424617,13.297083539298072,Olomouc
500861,0.3262642740619902,4.404567699836868,1.8760195758564437,39.47797716150082,2.691680261011419,0.48939641109298526,3.3442088091353996,0.734094616639478,10.522022838499185,0.48939641109298526,0.08156606851549755,11.500815660685156,13.947797716150081,10.114192495921696,Olomouc
500879,0.8955223880597015,4.477611940298507,0.5970149253731344,34.02985074626866,1.791044776119403,0.5970149253731344,2.2388059701492535,2.2388059701492535,12.238805970149254,1.6417910447761193,0.1492537313432836,12.08955223880597,16.268656716417908,10.746268656716417,Olomouc
501476,0.6931316950220542,5.293005671077505,1.8273471959672338,40.45368620037807,1.890359168241966,0.3780718336483932,2.3314429741650917,0.5040957781978576,6.868304977945809,1.1342155009451798,0.0630119722747322,14.240705734089476,13.48456206679269,10.838059231253938,Olomouc
501646,0.5780346820809248,4.579813250333482,1.378390395731436,27.701200533570475,1.7785682525566917,1.200533570475767,3.646064917741218,0.9337483325922632,17.696754112939082,1.5562472209871054,0.17785682525566918,11.382836816362827,16.229435304579816,11.160515784793242,Olomouc
501751,1.092896174863388,5.601092896174864,0.7513661202185792,39.549180327868854,2.0491803278688523,0.4098360655737705,2.5956284153005464,0.47814207650273227,7.650273224043716,2.1174863387978142,0.20491803278688525,10.1775956284153,16.256830601092894,11.065573770491802,Olomouc
501794,0.7142857142857143,5.158730158730158,1.984126984126984,36.269841269841265,2.142857142857143,1.0317460317460316,3.2539682539682544,0.6349206349206349,10.238095238095237,0.9523809523809524,0.07936507936507936,10.952380952380953,16.26984126984127,10.317460317460316,Olomouc
501841,0.33305578684429643,3.1640299750208163,1.8318068276436303,33.30557868442964,1.8318068276436303,0.832639467110741,3.913405495420483,0.7493755203996669,12.73938384679434,2.3313905079100747,0.08326394671107411,10.407993338884262,15.903413821815155,12.572855953372189,Olomouc
502146,0.6626332469029098,5.128205128205128,2.1031403053874964,36.502448861999426,2.0743301642178045,0.6914433880726015,2.564102564102564,0.8066839527513685,8.210890233362143,1.0083549409392105,0.02881014116969173,14.606741573033707,15.298184961106308,10.31403053874964,Olomouc
502235,0.5460750853242321,5.665529010238908,1.7747440273037545,29.351535836177472,1.5699658703071673,0.7508532423208191,4.2320819112627985,1.2969283276450512,16.99658703071672,1.023890784982935,0.20477815699658702,11.604095563139932,14.334470989761092,10.648464163822526,Olomouc
502405,0.8113590263691683,6.896551724137931,1.4198782961460445,36.105476673427994,3.0425963488843815,0.6085192697768762,2.839756592292089,0.8113590263691683,6.490872210953347,2.028397565922921,0.0,13.184584178498987,16.227180527383368,9.533468559837727,Olomouc
502545,0.24307243558580457,4.521147301895965,0.8750607681088965,33.78706854642684,1.4584346135148274,0.583373845405931,3.2085561497326207,1.118133203694701,11.375789985415654,1.5556635877491491,0.09722897423432182,11.521633446767137,17.209528439474965,12.445308701993193,Olomouc
502839,0.6993006993006993,3.146853146853147,1.3986013986013985,35.66433566433567,1.3986013986013985,1.048951048951049,3.146853146853147,0.5244755244755245,8.916083916083917,0.6993006993006993,0.0,13.81118881118881,19.230769230769234,10.314685314685315,Olomouc
503142,0.425531914893617,5.319148936170213,1.4893617021276597,39.57446808510638,0.851063829787234,1.276595744680851,2.7659574468085104,0.851063829787234,8.936170212765958,1.4893617021276597,0.0,13.829787234042554,15.106382978723405,8.085106382978724,Olomouc
503304,0.4437869822485207,5.621301775147929,0.8875739644970414,32.544378698224854,2.514792899408284,0.14792899408284024,2.514792899408284,1.4792899408284024,11.982248520710058,2.0710059171597637,0.0,9.023668639053255,18.04733727810651,12.721893491124261,Olomouc
503410,0.6896551724137931,6.206896551724138,0.0,45.51724137931035,0.6896551724137931,0.0,2.0689655172413794,0.0,3.4482758620689653,1.3793103448275863,0.0,14.482758620689657,17.24137931034483,8.275862068965518,Nymburk
503444,0.7780148073785921,5.006901744259004,1.3427029740243444,35.85142426904254,1.769356255490024,0.853306562931359,2.3842389258376206,0.4392019073911407,9.725185092232401,1.5058351110553394,0.06274312962730581,11.268666081064122,16.225373321621284,12.787049818044924,Olomouc
503622,0.2869440459110474,4.304160688665711,1.5781922525107603,35.86800573888092,2.008608321377331,0.430416068866571,2.295552367288379,0.860832137733142,12.051649928263988,1.5781922525107603,0.1434720229555237,12.338593974175035,14.921090387374461,11.33428981348637,Olomouc
503657,0.35335689045936397,5.104043973301923,1.2956419316843346,36.08166470357283,2.0416175893207695,0.39261876717707106,2.4734982332155475,0.47114252061248524,10.797016097369454,1.2956419316843346,0.07852375343541422,10.757754220651746,17.039654495484886,11.81782489202984,Olomouc
503738,0.3191489361702127,5.531914893617021,1.4893617021276597,32.76595744680851,1.5957446808510638,0.851063829787234,2.4468085106382977,0.3191489361702127,11.170212765957446,2.2340425531914896,0.10638297872340426,10.106382978723403,17.127659574468083,13.936170212765958,Olomouc
503916,0.631578947368421,10.947368421052632,2.9473684210526314,36.0,0.631578947368421,0.21052631578947367,3.7894736842105265,0.0,5.684210526315789,0.631578947368421,0.0,16.42105263157895,12.0,10.105263157894736,Tachov
504246,13.814756671899527,3.610675039246468,0.7849293563579277,33.28100470957614,1.4128728414442702,0.6279434850863422,2.8257456828885403,0.15698587127158556,6.279434850863422,0.47095761381475665,0.0,11.773940345368917,14.599686028257459,10.361067503924646,Olomouc
504301,2.0771513353115725,4.747774480712167,1.483679525222552,37.68545994065282,2.3738872403560833,1.1869436201780417,2.967359050445104,0.8902077151335311,12.166172106824925,1.7804154302670623,0.0,8.605341246290802,14.836795252225517,9.198813056379821,Chrudim
504441,0.4269854824935952,5.209222886421862,1.8787361229718187,34.842015371477366,2.818104184457728,0.6831767719897524,3.159692570452605,0.3415883859948762,10.333048676345005,1.1101622544833476,0.08539709649871904,11.357813834329633,16.737830913748933,11.016225448334756,Olomouc
504505,0.5750431282346177,4.427832087406555,1.1500862564692353,34.330074755606674,2.7027027027027026,0.5750431282346177,3.565267395054629,0.5750431282346177,13.168487636572742,1.1500862564692353,0.05750431282346176,9.315698677400805,15.583668775158138,12.823461759631972,Olomouc
504785,0.5602240896358543,6.162464985994398,1.9607843137254901,37.72175536881419,1.400560224089636,1.1204481792717087,2.6143790849673203,0.5602240896358543,6.722689075630252,1.400560224089636,0.0,14.098972922502334,16.33986928104575,9.337068160597573,Olomouc
504807,4.8,3.2,1.6,35.6,3.2,0.0,3.2,0.0,8.4,0.8,0.8,11.600000000000001,17.2,9.6,Chrudim
504921,0.8130081300813009,2.8455284552845526,0.40650406504065045,46.34146341463415,1.2195121951219512,0.40650406504065045,2.4390243902439024,0.40650406504065045,5.691056910569105,2.4390243902439024,0.0,12.601626016260163,13.008130081300814,11.38211382113821,Chrudim
504955,0.7407407407407408,4.444444444444445,2.2222222222222223,32.592592592592595,1.4814814814814816,0.0,0.7407407407407408,0.0,7.4074074074074066,5.185185185185185,0.0,13.333333333333334,21.48148148148148,10.37037037037037,Chrudim
505005,0.8426966292134831,4.49438202247191,0.5617977528089888,43.53932584269663,1.9662921348314606,0.8426966292134831,3.089887640449438,0.2808988764044944,10.674157303370785,2.247191011235955,0.0,7.02247191011236,12.921348314606742,11.51685393258427,Chrudim
505013,0.658513640639699,3.762935089369708,0.7525870178739417,37.34713076199436,1.5051740357478833,0.28222013170272814,2.634054562558796,1.03480714957667,11.47695202257761,0.7525870178739417,0.0,11.665098777046095,16.650987770460958,11.47695202257761,Olomouc
505030,0.5376344086021506,4.301075268817205,2.1505376344086025,45.16129032258064,1.0752688172043012,0.5376344086021506,2.6881720430107525,0.0,4.838709677419355,2.6881720430107525,0.0,10.75268817204301,14.516129032258066,10.75268817204301,Chrudim
505081,0.27303754266211605,3.754266211604096,1.5699658703071673,40.61433447098976,1.228668941979522,0.3412969283276451,2.04778156996587,0.40955631399317405,8.259385665529011,1.5699658703071673,0.06825938566552901,12.832764505119453,16.791808873720136,10.238907849829351,Olomouc
505099,0.0,1.875,2.5,48.75,0.625,1.25,2.5,0.625,8.75,2.5,0.0,7.5,13.125,10.0,Náchod
505111,0.45941807044410415,2.833078101071975,0.8422664624808576,36.60030627871363,1.454823889739663,0.3062787136294028,2.833078101071975,0.9188361408882083,12.327718223583462,1.1485451761102603,0.0765696784073507,9.95405819295559,17.84073506891271,12.404287901990811,Olomouc
505145,0.8481110254433308,5.859676175790286,1.310717039321511,39.47571318427139,1.6962220508866617,0.7710100231303008,2.004626060138782,0.2313030069390902,4.934464148033924,1.310717039321511,0.15420200462606012,13.569776407093293,14.880493446414803,12.952968388589051,Svitavy
505161,0.5045045045045045,4.900900900900901,1.1171171171171173,35.27927927927928,2.3423423423423424,0.46846846846846846,2.954954954954955,0.5405405405405406,9.297297297297296,1.1531531531531531,0.18018018018018017,11.963963963963964,16.61261261261261,12.684684684684685,Olomouc
505188,1.0916037478395342,5.4944055307923225,1.8375329755298826,31.49276812517056,2.228690985172382,1.3826980805967435,3.2111343582279637,0.5003183844264532,10.925134176294005,1.3463112890020923,0.10006367688529064,12.371509142181388,15.682707177294642,12.335122350586737,Olomouc
505218,0.5255255255255256,3.8288288288288284,1.4264264264264264,40.46546546546546,0.9009009009009009,0.37537537537537535,2.5525525525525525,0.3003003003003003,5.9309309309309315,1.2762762762762763,0.0,13.588588588588587,16.29129129129129,12.537537537537538,Olomouc
505269,0.28222013170272814,5.832549388523048,1.5992474129821261,33.301975540921916,1.975540921919097,0.940733772342427,3.0103480714957667,0.940733772342427,11.006585136406397,1.5992474129821261,0.0,12.793979303857009,14.675446848541862,12.041392285983067,Olomouc
505293,0.5442176870748299,4.013605442176871,1.3605442176870748,40.20408163265306,1.5646258503401362,0.8843537414965987,1.9047619047619049,0.3401360544217687,8.91156462585034,1.7006802721088436,0.06802721088435373,13.197278911564625,14.35374149659864,10.952380952380953,Olomouc
505366,0.21023125437981782,5.39593552908199,1.1913104414856344,31.81499649614576,1.89208128941836,0.6306937631394535,3.7140854940434482,0.4905395935529082,12.754029432375614,1.3314646110721795,0.0700770847932726,10.30133146461107,17.02873160476524,13.17449194113525,Olomouc
505391,0.35211267605633806,2.464788732394366,0.7042253521126761,49.647887323943664,2.464788732394366,0.7042253521126761,1.056338028169014,0.0,4.577464788732395,1.4084507042253522,0.0,10.211267605633804,14.084507042253522,12.323943661971832,Svitavy
505501,1.5254237288135595,7.118644067796611,2.11864406779661,38.559322033898304,1.5254237288135595,0.9322033898305085,2.9661016949152543,0.0847457627118644,4.830508474576272,1.6101694915254237,0.0,15.423728813559324,12.033898305084746,11.271186440677965,Olomouc
505528,0.3508771929824561,3.1578947368421053,1.4035087719298245,32.98245614035088,3.1578947368421053,0.3508771929824561,2.807017543859649,0.3508771929824561,12.631578947368421,0.0,0.0,11.578947368421053,16.140350877192983,15.087719298245613,Litoměřice
505587,0.5751411225902652,6.007029502609437,1.2461390989455745,34.82799020129939,1.7467248908296942,0.8520609223559485,2.5987858131856427,0.21301523058898714,8.43540313132389,1.768026413888593,0.1171583768239429,13.419959527106187,15.976142294174034,12.216423474278411,Olomouc
505609,0.3518648838845883,5.524278676988036,0.8796622097114707,26.38986629134412,1.9704433497536946,0.7741027445460943,3.6945812807881775,1.0907811400422238,15.517241379310345,1.7945109078114005,0.1055594651653765,10.591133004926109,18.1210415200563,13.19493314567206,Olomouc
505650,0.6663890045814245,4.539775093710953,1.1661807580174928,31.695127030403995,1.541024573094544,0.4581424406497293,2.8321532694710534,0.9579341940857976,14.743856726364015,1.8742190753852563,0.0,10.329029571012079,16.659725114535608,12.536443148688047,Olomouc
505668,0.36663611365719523,2.841429880843263,1.0999083409715857,32.997250229147575,2.6581118240146653,0.36663611365719523,2.474793767186068,0.916590284142988,13.748854262144821,0.916590284142988,0.09165902841429881,10.265811182401468,19.156736938588452,12.098991750687443,Olomouc
505781,0.2808988764044944,8.426966292134832,0.9831460674157303,34.26966292134831,0.9831460674157303,0.42134831460674155,4.073033707865169,0.2808988764044944,9.831460674157304,0.9831460674157303,0.1404494382022472,10.814606741573034,14.606741573033707,13.904494382022472,Praha-východ
505862,0.0,4.261363636363636,1.1363636363636365,35.79545454545455,2.840909090909091,0.5681818181818182,2.556818181818182,0.0,8.806818181818182,1.4204545454545454,0.0,11.079545454545455,16.761363636363637,14.772727272727273,Olomouc
505927,0.6592,5.158399999999999,1.3610666666666666,31.010133333333336,1.8752000000000002,0.7786666666666666,3.9189333333333334,0.6848,13.777066666666668,0.9216,0.20053333333333334,10.971733333333333,15.402666666666667,13.28,Opava
506192,0.656934306569343,3.065693430656934,1.167883211678832,37.22627737226277,1.9708029197080292,0.583941605839416,3.43065693430657,0.656934306569343,10.291970802919707,1.3868613138686132,0.145985401459854,11.094890510948906,15.985401459854016,12.335766423357663,Opava
506214,0.27762354247640203,2.9150471960022206,1.1382565241532483,39.3670183231538,1.4714047751249306,0.5552470849528041,3.248195446973903,0.4719600222098834,10.577456968350916,1.0549694614103275,0.027762354247640203,13.381454747362575,14.158800666296504,11.35480288728484,Opava
506320,0.40816326530612246,5.551020408163265,1.7959183673469388,43.59183673469388,0.8979591836734694,0.4897959183673469,2.36734693877551,0.24489795918367346,7.5102040816326525,0.5714285714285714,0.0,11.83673469387755,11.918367346938776,12.816326530612246,Opava
506451,0.5489478499542544,3.9341262580054894,2.6532479414455628,39.70722781335773,2.470265324794145,0.7319304666056725,3.110704483074108,0.2744739249771272,7.410795974382434,0.6404391582799633,0.0,14.272644098810613,15.370539798719122,8.874656907593778,Opava
506460,1.7115960633290546,6.93196405648267,4.535729567821994,40.008557980316645,1.069747539580659,0.42789901583226364,1.9255455712451863,0.12836970474967907,5.134788189987163,0.599058622165169,0.0,16.21737270004279,11.082584510055627,10.2267864783911,Opava
506486,0.0,1.7341040462427744,0.0,25.43352601156069,1.7341040462427744,1.1560693641618496,5.780346820809249,1.1560693641618496,17.91907514450867,1.1560693641618496,0.0,10.982658959537572,14.450867052023122,18.497109826589593,Karlovy Vary
506494,0.35211267605633806,4.929577464788732,1.4084507042253522,34.50704225352113,1.056338028169014,2.112676056338028,0.7042253521126761,0.35211267605633806,11.619718309859154,1.4084507042253522,0.0,12.323943661971832,16.19718309859155,13.028169014084506,Karlovy Vary
506621,1.4814814814814816,5.9259259259259265,1.4814814814814816,39.25925925925926,0.0,0.0,0.7407407407407408,0.0,2.2222222222222223,0.7407407407407408,0.0,28.14814814814815,11.11111111111111,8.88888888888889,Karlovy Vary
506664,0.45045045045045046,7.207207207207207,1.8018018018018018,51.80180180180181,0.45045045045045046,0.0,1.8018018018018018,0.0,2.2522522522522523,0.45045045045045046,0.0,10.81081081081081,15.315315315315313,7.657657657657657,Rokycany
506699,0.0,2.4390243902439024,1.0452961672473868,27.177700348432055,2.7874564459930316,0.34843205574912894,3.484320557491289,0.6968641114982579,15.6794425087108,2.0905923344947737,0.0,14.634146341463413,14.285714285714285,15.33101045296167,Brno-venkov
506702,0.6660611565243718,4.541326067211625,0.9385407205570693,40.841659097789886,2.149561005146836,0.5146836209506509,3.2394792612776264,0.24220405691795338,8.658795034816833,0.7871631849833485,0.060551014229488345,11.716621253405995,14.86527399333939,10.778080532848925,Opava
506711,0.41118421052631576,3.289473684210526,0.9868421052631579,24.50657894736842,1.4802631578947367,1.5625,4.358552631578947,2.055921052631579,19.736842105263158,0.6578947368421052,0.08223684210526315,9.12828947368421,18.585526315789476,13.157894736842104,Ostrava-město
506729,0.5681818181818182,2.272727272727273,1.1363636363636365,43.75,2.272727272727273,0.0,6.25,0.5681818181818182,5.681818181818182,0.5681818181818182,0.0,11.931818181818182,15.340909090909092,9.659090909090908,Jihlava
506737,4.765506807866869,4.614220877458396,1.6641452344931922,33.58547655068079,1.8154311649016641,0.9077155824508321,3.479576399394856,0.30257186081694404,12.405446293494705,0.7564296520423601,0.07564296520423601,9.152798789712557,14.59909228441755,11.875945537065052,Kroměříž
506753,0.5484460694698354,3.03473491773309,1.352833638025594,28.848263254113345,1.9744058500914077,0.47531992687385743,3.3272394881170015,0.9506398537477149,16.96526508226691,1.023765996343693,0.3290676416819013,9.396709323583181,18.171846435100548,13.60146252285192,Opava
506761,0.0,3.864734299516908,0.0,34.78260869565217,0.4830917874396135,0.0,6.763285024154589,0.4830917874396135,12.077294685990339,0.966183574879227,0.0,8.695652173913043,20.28985507246377,11.594202898550725,Prostějov
506770,0.25316455696202533,5.3164556962025316,1.5189873417721518,31.39240506329114,3.0379746835443036,0.7594936708860759,3.5443037974683547,0.25316455696202533,15.949367088607595,1.7721518987341773,0.0,9.873417721518987,13.670886075949367,12.658227848101266,Prostějov
507016,1.1362658173366618,4.777481277438237,1.7560471722475681,34.44090556942412,1.420332271670827,0.7489024705173453,3.477662047000086,0.5595248342945682,12.206249461995352,0.8608074373762589,0.13772918998020142,12.705517775673583,14.59929413790135,11.17328053714384,Opava
507091,0.5688282138794084,4.379977246871445,1.3083048919226392,33.503981797497154,1.6496018202502845,0.9101251422070534,3.6973833902161544,0.4550625711035267,11.376564277588168,0.7394766780432309,0.0,13.993174061433447,16.32536973833902,11.092150170648464,Frýdek-Místek
507105,0.37453183520599254,2.9962546816479403,1.2484394506866416,44.569288389513105,1.1235955056179776,0.6242197253433208,2.746566791510612,0.4993757802746567,8.489388264669163,0.8739076154806492,0.0,10.736579275905118,14.481897627965044,11.235955056179774,Opava
507113,0.27675276752767525,5.719557195571956,1.5682656826568264,42.435424354243544,1.5682656826568264,0.9225092250922509,2.5830258302583027,0.09225092250922509,6.918819188191883,0.6457564575645757,0.27675276752767525,10.608856088560886,14.391143911439114,11.992619926199263,Opava
507181,12.265193370165745,2.430939226519337,3.535911602209945,27.071823204419886,1.1049723756906076,0.6629834254143646,3.4254143646408837,0.44198895027624313,14.806629834254142,1.3259668508287292,0.0,9.060773480662982,13.812154696132598,10.05524861878453,Frýdek-Místek
507237,2.631578947368421,2.5518341307814993,2.9505582137161084,29.346092503987244,1.9936204146730463,0.5582137161084529,3.269537480063796,0.5582137161084529,13.476874003189792,1.2759170653907497,0.0,11.483253588516746,17.942583732057415,11.961722488038278,Frýdek-Místek
507261,1.049618320610687,2.767175572519084,2.2900763358778624,33.396946564885496,1.5267175572519083,0.8587786259541985,3.435114503816794,1.4312977099236641,11.83206106870229,0.8587786259541985,0.09541984732824427,14.599236641221374,14.217557251908397,11.641221374045802,Opava
507270,0.3653802237953871,3.585293445992236,1.3701758392327017,34.59693994062572,1.9410824389129937,0.7535967115779858,3.4026033340945423,0.5480703356930806,13.176524320621146,0.7764329755651975,0.15985384791048185,11.577985841516329,15.049097967572505,12.6969627768897,Opava
507334,0.8163265306122449,3.7755102040816326,1.0204081632653061,39.285714285714285,1.9387755102040816,0.8163265306122449,2.7551020408163267,0.10204081632653061,9.89795918367347,0.7142857142857143,0.10204081632653061,11.428571428571429,15.10204081632653,12.244897959183673,Opava
507377,6.192660550458716,8.142201834862385,1.6055045871559634,42.31651376146789,1.4908256880733946,0.34403669724770647,1.146788990825688,0.22935779816513763,3.555045871559633,0.573394495412844,0.22935779816513763,13.761467889908257,12.041284403669724,8.371559633027523,Opava
507423,0.31725888324873097,3.8705583756345177,1.0786802030456852,32.67766497461929,1.5228426395939088,0.951776649746193,3.9974619289340105,0.6345177664974619,14.022842639593907,0.7614213197969544,0.0,11.357868020304569,17.766497461928935,11.040609137055837,Frýdek-Místek
507458,0.34843205574912894,4.529616724738676,1.3937282229965158,34.494773519163765,2.0905923344947737,0.6968641114982579,2.4390243902439024,0.6968641114982579,7.317073170731707,1.3937282229965158,0.34843205574912894,16.376306620209057,18.118466898954704,9.75609756097561,Frýdek-Místek
507504,0.49713193116634796,3.67112810707457,0.9560229445506693,41.7208413001912,1.4531548757170172,0.49713193116634796,2.982791586998088,0.30592734225621415,10.325047801147228,0.8795411089866157,0.03824091778202677,11.816443594646271,14.225621414913958,10.630975143403441,Opava
507547,0.46040515653775327,3.0386740331491713,1.6574585635359116,37.661141804788215,1.7495395948434622,0.9208103130755065,3.683241252302026,0.1841620626151013,9.116022099447514,0.8287292817679558,0.09208103130755065,13.904235727440147,17.12707182320442,9.576427255985267,Frýdek-Místek
507580,0.49632352941176466,4.080882352941177,1.3235294117647058,41.25,1.7279411764705883,0.6617647058823529,3.3455882352941178,0.3125,9.411764705882353,0.8639705882352942,0.12867647058823528,12.077205882352942,13.658088235294116,10.661764705882353,Opava
507610,0.0,1.4492753623188406,0.0,53.62318840579711,1.4492753623188406,1.4492753623188406,2.898550724637681,0.0,1.4492753623188406,0.0,0.0,7.246376811594203,14.492753623188406,15.942028985507244,Jindřichův Hradec
507628,0.0,4.026845637583892,0.0,45.63758389261745,1.342281879194631,0.6711409395973155,3.3557046979865772,0.0,9.395973154362416,0.0,0.6711409395973155,12.080536912751679,14.093959731543624,8.724832214765101,Jindřichův Hradec
507644,0.0,3.508771929824561,0.0,31.57894736842105,0.0,1.7543859649122806,1.7543859649122806,0.0,14.035087719298245,1.7543859649122806,0.0,12.280701754385964,17.543859649122805,15.789473684210526,Jindřichův Hradec
507652,0.0,2.666666666666667,0.0,41.333333333333336,0.0,0.0,4.0,1.3333333333333335,9.333333333333334,2.666666666666667,0.0,14.666666666666666,18.666666666666668,5.333333333333334,Jindřichův Hradec
507695,1.0416666666666665,3.125,0.0,50.0,1.0416666666666665,1.0416666666666665,1.0416666666666665,0.0,4.166666666666666,1.0416666666666665,0.0,8.333333333333332,16.666666666666664,12.5,Jindřichův Hradec
507717,0.821917808219178,4.657534246575342,1.36986301369863,48.76712328767123,1.9178082191780823,0.0,2.191780821917808,0.821917808219178,3.8356164383561646,0.547945205479452,0.273972602739726,14.794520547945206,12.32876712328767,7.671232876712329,Jindřichův Hradec
507733,0.0,5.1020408163265305,2.0408163265306123,47.95918367346938,2.0408163265306123,0.0,1.0204081632653061,0.0,6.122448979591836,1.0204081632653061,0.0,10.204081632653061,14.285714285714285,10.204081632653061,Jindřichův Hradec
507784,0.6060606060606061,4.848484848484849,0.0,34.54545454545455,3.0303030303030303,0.0,3.6363636363636362,0.6060606060606061,8.484848484848486,0.6060606060606061,0.0,12.727272727272727,18.181818181818183,12.727272727272727,Jindřichův Hradec
507920,0.5154639175257731,5.154639175257731,1.1597938144329898,40.33505154639175,1.675257731958763,0.6443298969072164,2.9639175257731956,0.12886597938144329,7.474226804123711,0.6443298969072164,0.0,12.371134020618557,14.690721649484537,12.242268041237113,Opava
507971,0.3469640644361834,3.420074349442379,1.486988847583643,33.13506815365552,1.6109045848822798,0.5700123915737298,3.9157372986369268,0.7434944237918215,13.035935563816606,1.2639405204460967,0.09913258983890955,11.995043370508055,16.456009913258985,11.920693928128873,Opava
508004,0.5988023952095809,2.9940119760479043,2.3952095808383236,42.51497005988024,1.1976047904191618,0.0,2.9940119760479043,0.0,8.383233532934131,0.5988023952095809,0.0,11.377245508982035,18.562874251497004,8.383233532934131,Jindřichův Hradec
508128,0.40935672514619886,4.619883040935672,1.2865497076023393,34.56140350877193,0.9941520467836258,0.3508771929824561,4.2105263157894735,0.40935672514619886,12.280701754385964,1.345029239766082,0.0,12.339181286549708,15.555555555555555,11.637426900584796,Opava
508144,0.3731343283582089,7.276119402985075,1.3059701492537312,46.082089552238806,1.8656716417910446,0.5597014925373134,1.4925373134328357,0.0,4.477611940298507,0.5597014925373134,0.0,14.925373134328357,12.5,8.582089552238806,Opava
508152,1.0869565217391304,8.695652173913043,2.1739130434782608,41.08695652173913,1.5217391304347827,0.8695652173913043,1.956521739130435,0.0,2.8260869565217392,1.3043478260869565,0.21739130434782608,15.869565217391305,13.478260869565217,8.91304347826087,Jindřichův Hradec
508357,0.0,2.8368794326241136,0.7092198581560284,52.4822695035461,0.7092198581560284,0.7092198581560284,0.0,0.0,7.092198581560284,0.0,0.0,11.347517730496454,12.76595744680851,11.347517730496454,Jindřichův Hradec
508373,0.11135857461024498,2.4498886414253898,1.3363028953229399,33.630289532293986,2.5612472160356345,1.0022271714922049,4.67706013363029,0.6681514476614699,14.810690423162583,0.779510022271715,0.0,8.574610244988865,16.815144766146993,12.583518930957686,Opava
508501,0.0,6.340057636887608,1.729106628242075,32.85302593659942,3.45821325648415,0.5763688760806917,2.881844380403458,0.5763688760806917,11.527377521613833,1.440922190201729,0.0,10.086455331412104,16.42651296829971,12.103746397694524,Jindřichův Hradec
508683,0.0,4.918032786885246,0.0,24.59016393442623,4.918032786885246,0.0,6.557377049180328,3.278688524590164,16.39344262295082,3.278688524590164,0.0,3.278688524590164,24.59016393442623,8.19672131147541,Jindřichův Hradec
509078,0.5420054200542005,6.233062330623306,0.8130081300813009,38.21138211382114,2.168021680216802,0.27100271002710025,3.7940379403794036,0.5420054200542005,5.420054200542006,0.8130081300813009,0.0,11.11111111111111,17.344173441734416,12.737127371273713,Jindřichův Hradec
509108,0.0,4.780876494023905,0.0,40.63745019920319,1.1952191235059761,1.1952191235059761,3.5856573705179287,0.398406374501992,7.968127490039841,3.5856573705179287,0.0,9.9601593625498,16.334661354581673,10.358565737051793,Jindřichův Hradec
509116,0.5847953216374269,1.1695906432748537,2.3391812865497075,50.877192982456144,1.7543859649122806,0.0,2.923976608187134,1.1695906432748537,5.847953216374268,0.5847953216374269,0.0,8.771929824561402,15.789473684210526,8.187134502923977,Jindřichův Hradec
509141,0.7194244604316548,6.474820143884892,1.079136690647482,38.489208633093526,1.079136690647482,0.3597122302158274,2.158273381294964,0.0,7.553956834532374,1.4388489208633095,0.0,11.510791366906476,18.345323741007196,10.79136690647482,Jindřichův Hradec
509191,0.0,8.02919708029197,4.37956204379562,46.715328467153284,1.4598540145985401,0.0,1.4598540145985401,0.0,2.9197080291970803,0.0,0.0,15.328467153284672,11.678832116788321,8.02919708029197,Jindřichův Hradec
509388,0.0,0.0,1.3333333333333335,52.0,5.333333333333334,0.0,1.3333333333333335,0.0,8.0,0.0,0.0,10.666666666666668,14.666666666666666,6.666666666666667,Pelhřimov
509418,0.0,2.4096385542168677,1.2048192771084338,42.168674698795186,1.2048192771084338,2.4096385542168677,6.024096385542169,0.0,8.433734939759036,1.2048192771084338,0.0,12.048192771084338,14.457831325301203,8.433734939759036,Pelhřimov
509574,0.2638522427440633,4.221635883905013,1.58311345646438,41.86455584872471,1.6710642040457344,0.43975373790677225,4.0457343887423045,0.5277044854881267,7.827616534740544,1.4072119613016711,0.0,12.313104661389621,12.84080914687775,10.993843447669304,Opava
509612,0.34843205574912894,4.355400696864112,1.0452961672473868,35.10452961672474,1.9163763066202089,0.7839721254355401,3.9198606271777,0.6097560975609756,11.32404181184669,0.7839721254355401,0.08710801393728224,9.320557491289199,17.59581881533101,12.804878048780488,Opava
509621,0.2066115702479339,4.958677685950414,0.4132231404958678,35.33057851239669,1.2396694214876034,0.4132231404958678,2.8925619834710745,0.0,5.578512396694215,2.6859504132231407,0.2066115702479339,14.669421487603307,16.528925619834713,14.87603305785124,Písek
509647,0.23391812865497078,4.385964912280701,1.461988304093567,41.228070175438596,1.8713450292397662,0.8771929824561403,3.0994152046783627,0.3508771929824561,8.538011695906434,0.8187134502923977,0.11695906432748539,13.157894736842104,13.625730994152047,10.23391812865497,Opava
509736,0.26595744680851063,3.280141843971631,1.950354609929078,33.06737588652482,1.8617021276595744,0.1773049645390071,3.9893617021276597,0.7978723404255319,13.918439716312056,1.152482269503546,0.08865248226950355,10.106382978723403,17.641843971631204,11.702127659574469,Opava
509752,0.0,5.263157894736842,0.0,36.84210526315789,3.9473684210526314,2.631578947368421,7.894736842105263,0.0,5.263157894736842,0.0,0.0,9.210526315789473,18.421052631578945,10.526315789473683,Písek
509841,0.3282275711159737,4.048140043763676,1.4223194748358863,29.321663019693656,1.6411378555798686,0.5470459518599562,3.7199124726477026,0.437636761487965,13.676148796498905,1.6411378555798686,0.3282275711159737,10.831509846827133,19.584245076586434,12.472647702407002,Opava
510068,0.0,3.2467532467532463,1.2987012987012987,48.05194805194805,1.2987012987012987,0.0,2.5974025974025974,0.6493506493506493,8.441558441558442,0.6493506493506493,0.0,11.688311688311687,11.688311688311687,10.38961038961039,Strakonice
510131,0.2518891687657431,2.770780856423174,1.5113350125944585,40.68010075566751,1.63727959697733,1.1335012594458438,2.770780856423174,0.7556675062972292,9.193954659949624,1.0075566750629723,0.0,11.586901763224182,16.3727959697733,10.327455919395465,Opava
510289,0.7765830346475507,2.2102747909199523,1.1947431302270013,35.842293906810035,2.3894862604540026,0.5973715651135006,3.643966547192354,0.4181600955794504,12.365591397849462,0.6571087216248507,0.05973715651135006,10.931899641577061,15.412186379928317,13.500597371565112,Opava
510297,0.30349013657056145,5.311077389984825,1.5174506828528074,45.220030349013655,1.062215477996965,0.7587253414264037,3.6418816388467374,0.30349013657056145,7.435508345978755,0.4552352048558422,0.15174506828528073,13.505311077389983,11.836115326251896,8.49772382397572,Opava
510343,0.353045013239188,3.618711385701677,1.059135039717564,37.59929390997352,2.64783759929391,0.706090026478376,2.736098852603707,0.264783759929391,9.355692850838482,1.1473962930273611,0.176522506619594,8.737864077669903,17.122683142100616,14.474845542806708,Opava
510378,0.39603960396039606,5.346534653465347,0.594059405940594,43.366336633663366,1.5841584158415842,0.39603960396039606,2.7722772277227725,0.39603960396039606,6.138613861386139,2.178217821782178,0.0,14.85148514851485,11.683168316831685,10.297029702970297,Opava
510432,0.37650602409638556,2.86144578313253,2.4096385542168677,37.04819277108434,2.4096385542168677,0.9036144578313252,2.4849397590361444,0.9789156626506025,10.993975903614457,0.8283132530120483,0.2259036144578313,14.081325301204819,12.876506024096384,11.521084337349398,Opava
510483,0.2786624203821656,3.861464968152866,1.194267515923567,40.40605095541402,1.9904458598726114,0.7563694267515924,3.144904458598726,0.15923566878980894,9.63375796178344,1.1146496815286624,0.039808917197452234,13.296178343949045,14.211783439490446,9.912420382165605,Opava
510491,0.2938295788442703,2.742409402546523,1.5670910871694417,31.43976493633692,1.665034280117532,0.5876591576885406,4.113614103819784,1.1753183153770812,11.361410381978452,1.2732615083251715,0.1958863858961802,11.459353574926542,16.35651322233105,15.768854064642507,Opava
510556,0.0,3.571428571428571,0.8928571428571428,40.625,2.6785714285714284,0.4464285714285714,1.7857142857142856,0.0,8.482142857142858,3.125,0.0,16.071428571428573,10.714285714285714,11.607142857142858,Třebíč
510645,0.0,0.0,4.3478260869565215,36.231884057971016,2.898550724637681,1.4492753623188406,8.695652173913043,0.0,10.144927536231885,0.0,0.0,8.695652173913043,17.391304347826086,10.144927536231885,Třebíč
510882,0.4396984924623116,2.8894472361809047,1.8844221105527637,26.57035175879397,1.3819095477386936,1.193467336683417,5.0879396984924625,1.4447236180904524,18.969849246231156,0.8793969849246231,0.18844221105527637,10.615577889447236,17.14824120603015,11.306532663316583,Ostrava-město
510891,0.9870918754745633,5.0113895216400905,1.6704631738800304,42.065299924069855,1.1389521640091116,0.45558086560364464,2.277904328018223,0.22779043280182232,6.757782839787396,1.2148823082763858,0.0,16.476841305998484,11.693242217160213,10.022779043280181,Opava
510939,1.111883252258513,4.030576789437109,1.5288394718554552,39.12439193884642,1.4593467685892982,0.4169562195969423,3.5441278665740095,0.20847810979847115,10.562890896455873,1.0423905489923557,0.0,11.952744961779013,13.89854065323141,11.118832522585128,Opava
510980,0.3663003663003663,1.465201465201465,1.465201465201465,52.01465201465202,0.7326007326007326,0.7326007326007326,4.395604395604396,0.3663003663003663,7.326007326007327,0.3663003663003663,0.3663003663003663,10.989010989010989,10.989010989010989,8.424908424908425,Třebíč
511021,1.11646234676007,7.399299474605954,2.1453590192644483,36.71190893169877,1.7294220665499123,0.7880910683012259,2.4518388791593697,0.19702276707530647,7.9028021015761825,0.6786339754816112,0.06567425569176882,14.667250437828372,12.105954465849388,12.040280210157619,Opava
511081,0.48543689320388345,3.8834951456310676,1.9417475728155338,45.14563106796117,0.48543689320388345,0.48543689320388345,5.825242718446602,0.0,5.825242718446602,1.4563106796116505,0.0,9.223300970873787,13.592233009708737,11.650485436893204,Třebíč
511161,0.0,3.755868544600939,0.2347417840375587,33.33333333333333,1.643192488262911,0.9389671361502347,3.286384976525822,0.9389671361502347,10.328638497652582,0.9389671361502347,0.2347417840375587,12.44131455399061,21.12676056338028,10.7981220657277,Opava
511242,0.8982035928143712,2.095808383233533,1.1976047904191618,36.82634730538922,1.4970059880239521,0.29940119760479045,3.293413173652695,0.29940119760479045,11.077844311377245,2.095808383233533,0.0,8.08383233532934,17.365269461077844,14.97005988023952,Třebíč
511307,0.0,2.0,0.0,47.0,0.0,1.0,3.0,0.0,5.0,2.0,0.0,19.0,12.0,9.0,Třebíč
511382,0.6086808123328972,5.694294328460094,1.0950566016269414,31.18493657204619,1.857329768473747,0.7053871096194323,3.0917572103077537,0.4152682177598271,12.341430115478696,1.2059844132203197,0.08532908584106036,10.6974230616076,17.02599692815291,13.991125775072529,Přerov
511412,0.0,7.547169811320755,0.0,42.45283018867924,3.7735849056603774,0.0,4.716981132075472,0.9433962264150944,10.377358490566039,0.9433962264150944,0.0,5.660377358490567,16.037735849056602,7.547169811320755,Žďár nad Sázavou
